max depth = 3
0.76082,0.76082,0.76082,0.76082,0.76082,0.76082,0.76082,0.76082,0.76082,0.76082,0.76082,0.76082,0.76082,0.76082,0.76082,0.76082,0.76082,0.76082,0.76082,0.76082,0.76082,0.76082,0.76082,0.76082,0.76082,0.76082,0.76082,0.76082,0.76082,0.76082,0.76082,0.76082,0.76082,0.76082,0.76082,0.76082,0.76082,0.76082,0.76082,0.76082,0.76082,0.76082,0.76082,0.76082,0.76082,0.76082,0.76082,0.76082,0.76082,0.76082,0.76082,0.76082,0.76082,0.76082,0.76082,0.76082,0.76082,0.76082,0.76082,0.76082,0.76082,
0.75269,0.75269,0.75269,0.75269,0.75269,0.75269,0.75269,0.75269,0.75269,0.75269,0.75269,0.75269,0.75269,0.75269,0.75269,0.75269,0.75269,0.75269,0.75269,0.75269,0.75269,0.75269,0.75269,0.75269,0.75269,0.75269,0.75269,0.75269,0.75269,0.75269,0.75269,0.75269,0.75269,0.75269,0.75269,0.75269,0.75269,0.75269,0.75269,0.75269,0.75269,0.75269,0.75269,0.75269,0.75269,0.75269,0.75269,0.75269,0.75269,0.75269,0.75269,0.75269,0.75269,0.75269,0.75269,0.75269,0.75269,0.75269,0.75269,0.75269,0.75269,
max depth = 4
0.83599,0.83599,0.83599,0.83599,0.83599,0.83599,0.83599,0.83599,0.83599,0.83599,0.83599,0.83599,0.83599,0.83599,0.83599,0.83599,0.83599,0.82232,0.82232,0.82232,0.82232,0.82232,0.82232,0.82232,0.82232,0.82232,0.82232,0.81549,0.81549,0.81549,0.81549,0.81549,0.81549,0.81549,0.81549,0.81549,0.81549,0.80866,0.80866,0.80866,0.80866,0.80866,0.80866,0.80866,0.80866,0.80866,0.80866,0.80866,0.80866,0.80866,0.80866,0.80866,0.80866,0.80866,0.80866,0.80866,0.80866,0.80866,0.80866,0.80866,0.80866,
0.77419,0.77419,0.77419,0.77419,0.77419,0.77419,0.77419,0.77419,0.77419,0.77419,0.77419,0.77419,0.77419,0.77419,0.77419,0.77419,0.77419,0.76344,0.76344,0.76344,0.76344,0.76344,0.76344,0.76344,0.76344,0.76344,0.76344,0.76344,0.76344,0.76344,0.76344,0.76344,0.76344,0.76344,0.76344,0.76344,0.76344,0.81720,0.81720,0.81720,0.81720,0.81720,0.81720,0.81720,0.81720,0.81720,0.79570,0.79570,0.79570,0.79570,0.79570,0.79570,0.79570,0.79570,0.79570,0.79570,0.79570,0.79570,0.79570,0.79570,0.79570,
max depth = 5
0.86105,0.86105,0.86105,0.86105,0.86105,0.86105,0.86105,0.86105,0.86105,0.86105,0.86105,0.86105,0.86105,0.86105,0.86105,0.85877,0.85877,0.84510,0.82460,0.82460,0.82460,0.82460,0.82460,0.82460,0.82460,0.82460,0.82460,0.81549,0.81549,0.81549,0.81549,0.81549,0.81549,0.81549,0.81549,0.81549,0.81549,0.80866,0.80866,0.80866,0.80866,0.80866,0.80866,0.80866,0.80866,0.80866,0.80866,0.80866,0.80866,0.80866,0.80866,0.80866,0.80866,0.80866,0.80866,0.80866,0.80866,0.80866,0.80866,0.80866,0.80866,
0.77419,0.77419,0.77419,0.77419,0.77419,0.77419,0.77419,0.77419,0.77419,0.77419,0.77419,0.77419,0.77419,0.77419,0.77419,0.78495,0.78495,0.77419,0.74194,0.74194,0.74194,0.75269,0.75269,0.75269,0.75269,0.75269,0.75269,0.76344,0.76344,0.76344,0.76344,0.76344,0.76344,0.76344,0.76344,0.76344,0.76344,0.81720,0.81720,0.81720,0.81720,0.81720,0.81720,0.81720,0.81720,0.81720,0.79570,0.79570,0.79570,0.79570,0.79570,0.79570,0.79570,0.79570,0.79570,0.79570,0.79570,0.79570,0.79570,0.79570,0.79570,
max depth = 6
0.91116,0.91116,0.91116,0.90888,0.90888,0.90433,0.89522,0.88610,0.88610,0.88610,0.87472,0.86333,0.86333,0.86333,0.86105,0.85877,0.85877,0.84510,0.82460,0.82460,0.82460,0.82460,0.82460,0.82460,0.82460,0.82460,0.82460,0.81549,0.81549,0.81549,0.81549,0.81549,0.81549,0.81549,0.81549,0.81549,0.81549,0.80866,0.80866,0.80866,0.80866,0.80866,0.80866,0.80866,0.80866,0.80866,0.80866,0.80866,0.80866,0.80866,0.80866,0.80866,0.80866,0.80866,0.80866,0.80866,0.80866,0.80866,0.80866,0.80866,0.80866,
0.78495,0.78495,0.78495,0.77419,0.77419,0.77419,0.77419,0.76344,0.76344,0.76344,0.77419,0.76344,0.76344,0.76344,0.77419,0.78495,0.78495,0.77419,0.74194,0.74194,0.74194,0.75269,0.75269,0.75269,0.75269,0.75269,0.75269,0.76344,0.76344,0.76344,0.76344,0.76344,0.76344,0.76344,0.76344,0.76344,0.76344,0.81720,0.81720,0.81720,0.81720,0.81720,0.81720,0.81720,0.81720,0.81720,0.79570,0.79570,0.79570,0.79570,0.79570,0.79570,0.79570,0.79570,0.79570,0.79570,0.79570,0.79570,0.79570,0.79570,0.79570,
max depth = 7
0.94077,0.94077,0.93850,0.92938,0.92027,0.91116,0.90205,0.88838,0.88610,0.88610,0.87472,0.86333,0.86333,0.86333,0.86105,0.85877,0.85877,0.84510,0.82460,0.82460,0.82460,0.82460,0.82460,0.82460,0.82460,0.82460,0.82460,0.81549,0.81549,0.81549,0.81549,0.81549,0.81549,0.81549,0.81549,0.81549,0.81549,0.80866,0.80866,0.80866,0.80866,0.80866,0.80866,0.80866,0.80866,0.80866,0.80866,0.80866,0.80866,0.80866,0.80866,0.80866,0.80866,0.80866,0.80866,0.80866,0.80866,0.80866,0.80866,0.80866,0.80866,
0.78495,0.78495,0.78495,0.76344,0.76344,0.76344,0.76344,0.76344,0.76344,0.76344,0.77419,0.76344,0.76344,0.76344,0.77419,0.78495,0.78495,0.77419,0.74194,0.74194,0.74194,0.75269,0.75269,0.75269,0.75269,0.75269,0.75269,0.76344,0.76344,0.76344,0.76344,0.76344,0.76344,0.76344,0.76344,0.76344,0.76344,0.81720,0.81720,0.81720,0.81720,0.81720,0.81720,0.81720,0.81720,0.81720,0.79570,0.79570,0.79570,0.79570,0.79570,0.79570,0.79570,0.79570,0.79570,0.79570,0.79570,0.79570,0.79570,0.79570,0.79570,
